SOIL1X1_418/data/zstype106.asc
ncols         360
nrows         180
xllcorner     -180
yllcorner     -90
cellsize      1
NODATA_value  -9999
[rows 0 to 74 of 180, columns 192 to 287 of 360]
0 0 0 0 0 0 0 0 0 0 0 0 0 0 0 0 0 0 0 0 0 0 0 0 0 0 0 0 0 0 0 0 0 0 0 0 0 0 0 0 0 0 0 0 0 0 0 0 0 0 0 0 0 0 0 0 0 0 0 0 0 0 0 0 0 0 0 0 0 0 0 0 0 0 0 0 0 0 0 0 0 0 0 0 0 0 0 0 0 0 0 0 0 0 0 0
0 0 0 0 0 0 0 0 0 0 0 0 0 0 0 0 0 0 0 0 0 0 0 0 0 0 0 0 0 0 0 0 0 0 0 0 0 0 0 0 0 0 0 0 0 0 0 0 0 0 0 0 0 0 0 0 0 0 0 0 0 0 0 0 0 0 0 0 0 0 0 0 0 0 0 0 0 0 0 0 0 0 0 0 0 0 0 0 0 0 0 0 0 0 0 0
0 0 0 0 0 0 0 0 0 0 0 0 0 0 0 0 0 0 0 0 0 0 0 0 0 0 0 0 0 0 0 0 0 0 0 0 0 0 0 0 0 0 0 0 0 0 0 0 0 0 0 0 0 0 0 0 0 0 0 0 0 0 0 0 0 0 0 0 0 0 0 0 0 0 0 0 0 0 0 0 0 0 0 0 0 0 0 0 0 0 0 0 0 0 0 0
0 0 0 0 0 0 0 0 0 0 0 0 0 0 0 0 0 0 0 0 0 0 0 0 0 0 0 0 0 0 0 0 0 0 0 0 0 0 0 0 0 0 0 0 0 0 0 0 0 0 0 0 0 0 0 0 0 0 0 0 0 0 0 0 0 0 0 0 0 0 0 0 0 0 0 0 0 0 0 0 0 0 0 0 0 0 0 0 0 0 0 0 0 0 0 0
0 0 0 0 0 0 0 0 0 0 0 0 0 0 0 0 0 0 0 0 0 0 0 0 0 0 0 0 0 0 0 0 0 0 0 0 0 0 0 0 0 0 0 0 0 0 0 0 0 0 0 0 0 0 0 0 0 0 0 0 0 0 0 0 0 0 0 0 0 0 0 0 0 0 0 0 0 0 0 0 0 0 0 0 0 0 0 0 0 0 0 0 0 0 0 0
0 0 0 0 0 0 0 0 0 0 0 0 0 0 0 0 0 0 0 0 0 0 0 0 0 0 0 0 0 0 0 0 0 0 0 0 0 0 0 0 0 0 0 0 0 0 0 0 0 0 0 0 0 0 0 0 0 0 0 0 0 0 0 0 0 0 0 0 0 0 0 0 0 0 0 0 0 0 0 0 0 0 0 0 0 0 0 0 0 0 0 0 0 0 0 0
0 0 0 0 0 0 0 0 0 0 0 0 0 0 0 0 0 0 0 0 0 0 0 0 0 0 0 0 0 0 0 0 0 0 0 0 0 0 0 0 0 0 0 0 0 0 0 0 0 0 0 0 0 0 0 0 0 0 0 0 0 0 0 0 0 0 0 0 0 0 0 0 0 0 0 0 0 0 0 0 0 0 0 0 0 0 0 0 0 0 0 0 0 0 0 0
0 0 0 0 0 0 0 0 0 0 0 0 0 0 0 0 0 0 0 0 0 0 0 0 0 0 0 0 0 0 0 0 0 0 0 0 0 0 0 0 0 0 0 0 0 0 0 0 0 0 0 0 0 0 0 0 0 0 0 0 0 0 0 0 0 0 0 0 0 0 0 0 0 0 0 0 0 0 0 0 0 0 0 0 0 0 0 0 0 0 0 0 0 0 0 0
0 0 0 0 0 0 0 0 0 0 0 0 0 0 0 0 0 0 0 0 0 0 0 0 0 0 0 0 0 0 0 0 0 0 0 0 0 0 0 0 0 0 0 0 0 0 0 0 0 0 0 0 0 0 0 0 0 0 0 0 0 0 0 0 0 0 0 0 0 0 0 0 0 0 0 0 0 0 0 0 0 0 0 0 0 0 0 0 0 0 0 0 0 0 0 0
0 0 0 0 0 0 0 0 0 0 0 0 0 0 0 0 0 0 0 0 0 0 0 0 0 0 0 0 0 0 0 0 0 0 0 0 0 0 0 0 0 0 0 0 0 0 0 0 0 0 0 0 0 0 0 0 0 0 0 0 0 0 0 0 0 0 0 0 0 0 0 0 0 0 0 0 0 0 0 0 0 107 107 107 107 0 0 0 0 0 0 0 0 0 0 0
107 107 107 107 107 107 107 0 0 107 107 107 107 107 0 0 0 0 0 0 0 0 0 0 0 0 0 0 0 0 0 0 0 0 0 0 0 0 0 0 0 0 0 0 0 0 0 0 0 0 0 0 0 0 0 0 0 0 0 0 0 0 0 0 0 0 0 0 0 0 0 0 0 0 0 0 0 0 0 0 0 0 107 107 107 107 107 107 0 0 0 0 0 0 0 0
0 107 107 77 77 107 107 0 0 107 0 0 0 0 0 0 0 0 0 0 0 0 0 0 0 0 0 0 0 0 0 0 0 0 0 0 0 0 0 0 0 0 0 0 0 0 0 0 0 0 0 0 0 0 0 0 0 0 0 0 0 0 0 0 0 0 0 0 0 0 0 0 0 0 0 0 0 0 0 0 0 0 0 0 0 0 0 0 77 40 40 77 77 0 0 0
0 0 0 77 107 107 0 0 0 0 0 0 0 0 0 0 0 0 0 0 0 0 0 0 0 0 0 0 0 0 0 0 0 0 0 0 0 0 0 0 0 0 0 0 0 0 0 0 0 0 0 0 0 0 0 0 0 0 0 0 0 0 0 0 0 0 0 0 0 0 0 0 0 0 0 0 0 0 0 0 0 0 0 0 0 0 0 0 0 0 0 77 77 0 0 0
0 0 0 0 0 0 0 0 0 0 0 0 0 0 0 0 0 0 0 0 0 0 0 0 0 0 0 0 0 0 0 0 0 0 0 0 0 0 0 0 0 0 0 0 0 0 0 0 0 0 0 0 0 107 107 40 40 0 0 0 0 0 0 0 0 0 0 0 0 0 0 0 0 0 0 0 0 0 0 0 0 0 0 0 0 0 0 0 35 77 77 77 77 77 77 35
0 0 0 0 0 0 0 0 0 0 0 0 0 0 0 0 0 0 0 0 0 0 0 0 0 0 0 0 0 0 0 0 0 0 0 0 0 0 0 0 0 0 0 0 0 107 107 107 107 107 107 0 0 0 0 0 0 0 0 0 0 0 0 0 0 0 0 0 0 0 0 0 0 0 0 0 0 0 35 35 40 35 35 40 35 35 35 35 35 40 40 40 40 40 40 40
0 0 0 0 0 0 0 0 0 0 0 0 0 0 0 0 0 0 0 0 0 0 0 0 0 0 0 0 0 0 0 0 0 0 0 0 0 0 0 0 0 0 0 107 40 40 40 0 0 0 0 0 0 0 0 0 0 0 0 0 0 0 0 0 0 0 0 0 0 0 0 0 0 0 0 35 35 35 35 35 35 40 40 40 40 40 40 35 35 35 35 35 35 35 35 35
0 0 0 0 0 0 0 0 0 0 0 0 0 0 0 0 0 0 0 0 0 0 0 0 0 0 0 0 0 0 0 0 0 0 0 0 0 0 0 0 0 0 77 40 40 0 0 0 0 0 0 0 0 0 0 0 0 0 0 0 0 0 0 0 0 0 0 0 0 35 35 35 35 35 35 35 35 35 35 35 35 35 35 35 35 35 35 35 35 35 35 35 35 35 35 35
0 0 0 0 0 0 0 0 0 0 0 0 0 0 0 0 0 0 0 0 0 0 0 0 0 0 0 0 0 0 0 0 0 0 0 0 0 0 0 0 0 77 40 77 0 0 0 0 0 0 0 0 0 0 0 0 0 35 35 35 35 0 0 35 0 0 0 0 0 35 35 35 35 35 35 35 35 62 35 35 35 35 35 35 35 35 35 35 35 35 35 35 14 14 35 35
0 0 0 0 0 0 0 0 0 0 0 0 0 0 0 0 0 0 0 0 0 0 0 0 0 0 0 0 0 0 0 0 0 0 0 0 0 0 0 0 77 40 77 77 0 0 0 0 0 0 0 0 0 0 0 0 62 35 35 62 0 0 35 62 35 35 35 35 35 35 35 62 62 35 62 62 62 62 35 35 35 35 62 35 14 14 14 14 14 14 14 14 14 14 14 40
0 0 0 0 0 0 0 0 0 0 0 0 40 68 68 68 40 68 0 0 0 0 0 0 0 0 0 0 0 0 0 0 0 0 0 0 0 0 0 0 0 0 0 0 0 0 0 0 0 0 0 0 0 0 0 35 35 35 35 35 35 0 35 62 35 35 35 35 35 35 42 0 35 35 62 14 14 14 14 14 14 14 40 14 40 40 40 40 14 14 40 14 14 40 40 40
0 0 0 0 0 0 68 68 40 40 68 68 68 68 68 68 68 68 68 68 0 0 0 0 0 0 0 0 0 0 0 0 0 0 0 0 0 0 0 0 0 0 0 0 0 0 0 0 63 68 40 77 0 0 0 0 35 35 35 35 61 0 35 35 35 35 35 35 35 35 35 42 35 42 14 14 14 14 40 40 40 40 40 40 40 40 40 40 40 40 14 14 14 14 40 40
0 0 0 68 68 68 40 40 40 68 68 68 68 68 68 68 68 68 68 68 68 68 68 68 68 68 0 0 0 0 0 0 77 68 0 0 0 0 0 0 0 63 0 77 63 63 63 63 63 77 68 77 77 35 35 35 0 35 35 35 35 0 0 35 35 0 35 35 35 35 61 14 61 61 42 14 14 14 14 40 40 40 40 40 40 40 40 40 40 14 14 14 14 14 14 14
0 0 0 68 40 40 40 40 68 68 68 68 61 61 68 61 61 40 68 40 68 68 68 68 61 68 68 68 61 0 0 0 77 0 0 0 68 77 63 63 43 63 77 63 63 77 77 77 77 77 68 77 77 40 40 35 35 61 35 35 0 0 35 35 35 35 30 42 14 35 14 14 14 14 42 14 14 40 40 40 40 40 40 40 40 40 40 40 40 14 14 40 14 14 14 14
0 40 68 40 40 40 68 68 68 68 68 68 61 68 61 68 61 68 68 68 68 68 68 0 61 61 68 68 0 0 77 0 77 61 77 77 65 77 65 65 43 63 65 65 43 65 65 77 68 65 68 40 40 30 42 30 42 30 42 30 0 35 35 61 65 30 30 65 65 65 14 14 14 14 14 14 14 14 14 40 40 40 40 40 40 40 40 40 40 40 40 40 40 40 40 40
40 68 40 40 68 68 68 68 68 68 0 0 0 68 61 61 61 61 68 68 68 61 68 0 0 0 0 0 65 65 65 65 65 65 65 65 65 65 68 68 43 65 68 65 65 65 65 40 40 40 40 30 42 42 30 30 21 21 21 21 61 65 65 61 65 61 30 65 65 65 30 30 30 30 30 30 19 14 14 40 40 40 40 40 40 40 40 40 40 40 40 40 40 14 40 40
68 68 40 68 68 68 68 68 68 0 0 0 68 68 61 68 61 61 61 68 68 61 68 0 0 65 65 65 65 65 65 65 65 65 65 65 68 68 65 65 65 68 65 65 65 68 65 40 40 30 30 30 21 42 10 10 21 21 61 61 21 21 61 21 21 21 21 61 21 30 30 30 30 30 30 42 19 19 14 14 14 14 14 14 14 40 40 14 14 40 40 40 40 40 40 40
40 68 68 68 68 68 68 68 0 0 68 68 68 68 68 68 68 68 68 68 68 68 68 68 61 65 65 19 61 19 65 65 65 65 65 65 65 68 68 68 65 68 68 65 68 68 65 40 30 30 66 21 42 42 30 10 61 21 21 61 61 61 21 21 61 21 21 21 30 30 30 30 30 30 10 42 19 19 19 40 40 40 40 40 40 40 14 14 40 40 40 40 14 14 14 14
40 68 68 68 68 68 0 0 0 68 68 68 68 68 68 68 68 0 68 68 68 68 68 0 68 68 68 19 19 19 68 68 68 19 19 19 19 19 68 68 68 19 65 65 65 65 40 40 10 7 7 10 66 42 61 7 61 21 21 61 61 61 61 61 61 61 61 10 61 10 30 30 30 30 66 7 7 19 19 19 40 40 40 40 40 14 14 14 40 40 40 40 40 14 14 14
68 68 68 68 68 0 0 0 0 0 68 68 68 68 0 68 68 68 68 0 0 68 68 68 0 19 19 19 19 19 68 19 19 19 68 68 19 19 19 68 19 19 19 19 68 19 40 40 40 66 10 66 7 7 61 42 61 61 66 61 61 61 42 61 7 10 7 61 61 61 61 61 7 7 7 7 7 42 19 19 19 40 40 40 14 14 14 14 14 14 14 14 14 14 14 14
68 68 68 68 68 8 0 0 0 0 13 13 68 13 13 68 68 68 68 20 0 19 19 19 19 19 68 19 19 19 68 19 19 19 19 19 19 68 68 68 68 19 19 19 19 19 40 40 40 19 19 61 61 61 61 61 61 42 7 7 61 61 19 7 19 7 66 66 7 7 66 7 7 21 66 66 66 66 20 40 40 40 40 40 19 19 19 19 19 19 14 14 14 14 14 14
68 68 68 8 13 13 8 0 0 0 0 0 0 0 22 22 0 20 20 20 20 20 20 20 61 33 33 20 20 20 20 20 20 20 19 19 19 20 19 19 19 20 20 20 20 20 40 40 40 19 62 20 20 20 61 61 61 20 19 19 61 19 19 61 61 20 21 42 66 66 66 61 61 21 21 21 66 21 66 20 40 40 40 40 40 19 19 19 19 19 14 14 14 40 40 40
68 8 68 8 13 0 0 0 0 0 0 22 0 22 20 22 0 20 22 20 20 20 20 20 20 20 20 20 20 20 20 20 20 20 20 20 43 20 20 20 20 20 20 20 20 20 40 40 40 20 62 20 20 20 61 61 42 21 61 61 21 20 20 32 32 20 32 20 20 32 42 21 21 20 20 20 21 21 21 56 20 40 40 19 19 19 19 19 19 19 19 14 14 40 40 40
8 68 68 68 68 0 8 0 0 0 20 0 20 20 20 20 20 20 61 20 20 20 20 20 20 20 20 20 20 20 20 20 20 20 20 20 20 20 20 20 20 20 20 20 20 20 20 40 40 20 16 20 18 62 20 20 20 20 20 20 20 20 20 21 62 62 62 32 32 32 32 32 19 20 20 32 20 20 43 20 56 56 40 20 20 20 19 19 19 19 19 19 40 40 40 40
0 68 68 68 0 0 0 0 0 20 20 33 33 33 20 20 20 20 20 20 20 20 20 20 20 20 20 53 20 20 20 20 20 20 61 20 20 53 53 20 53 53 20 20 20 53 53 40 20 18 57 18 18 16 16 16 20 20 57 18 18 57 43 18 33 57 33 33 62 62 62 57 43 20 20 56 20 56 56 56 56 56 40 56 20 20 20 20 40 40 20 40 40 40 40 40
0 8 0 0 0 0 0 0 0 20 20 33 33 20 20 20 20 20 20 20 20 20 20 20 20 20 20 20 20 20 20 53 53 53 51 53 53 53 18 43 53 57 43 53 53 40 57 40 57 18 18 18 18 79 16 79 16 43 79 79 79 43 18 16 16 79 16 16 62 16 33 57 16 18 20 40 40 18 18 40 40 40 18 18 20 40 20 20 40 20 20 40 40 40 40 40
0 0 0 0 0 67 53 0 20 20 20 33 20 20 20 20 51 20 20 20 20 20 20 20 20 53 53 57 20 20 20 43 57 18 18 18 18 16 57 18 16 16 16 18 43 40 40 40 18 18 16 16 16 16 16 16 16 16 16 16 16 16 16 16 79 79 79 79 16 16 18 18 57 16 18 40 40 40 15 15 18 40 40 40 40 40 40 20 20 20 40 40 40 40 40 40
53 53 67 53 67 51 67 8 20 68 21 53 20 20 20 20 51 51 51 20 20 20 51 53 53 18 18 18 18 18 18 18 18 53 53 18 18 16 16 16 16 16 16 16 40 40 40 16 16 16 16 17 17 16 16 16 16 16 17 79 17 17 17 43 45 45 79 17 17 16 75 16 18 18 57 40 40 40 15 42 18 40 40 40 40 40 40 40 40 20 56 18 40 40 40 0
7 7 41 71 53 51 53 51 20 68 21 67 20 61 51 51 51 51 51 20 20 53 53 57 18 18 18 18 16 16 16 16 16 18 18 16 45 16 45 16 16 16 18 40 18 40 17 17 17 17 17 45 45 17 17 17 17 16 16 17 45 45 45 45 45 45 45 45 17 17 16 16 75 18 57 57 40 40 40 40 40 40 40 40 40 40 40 40 40 40 20 56 56 40 0 40
53 7 7 68 67 51 67 67 51 21 67 67 20 51 51 51 51 51 51 53 51 53 53 16 16 16 16 16 16 16 16 16 16 16 45 45 45 45 45 45 45 45 45 45 45 16 17 17 17 45 45 45 80 45 45 45 45 45 17 17 45 45 45 45 45 45 45 45 45 17 16 40 40 40 40 40 40 40 40 40 40 40 40 40 40 40 40 40 40 40 40 40 40 40 40 43
7 7 16 7 7 51 67 67 20 67 53 53 33 16 51 20 20 51 43 18 18 16 16 18 16 16 16 16 16 16 45 45 45 45 46 45 80 47 80 45 45 45 45 45 45 17 45 45 45 47 47 45 80 45 47 45 45 80 45 45 45 45 45 45 45 45 80 47 45 45 16 40 40 40 40 40 40 40 40 40 96 96 47 40 40 40 40 40 40 40 40 40 40 40 43 45
7 7 7 7 7 7 7 7 7 8 7 20 20 18 16 53 16 16 18 43 16 16 16 16 16 16 16 16 45 45 45 45 45 46 80 80 47 33 80 33 47 47 47 47 45 45 45 47 47 47 47 80 80 80 47 47 47 47 47 45 45 45 45 45 45 47 47 47 47 47 45 40 40 40 40 40 40 40 45 40 47 47 47 45 45 40 40 40 40 40 40 40 40 40 40 40
53 7 7 53 16 36 53 8 53 37 37 7 7 18 18 53 57 18 16 16 16 16 16 16 16 16 16 16 45 45 45 46 43 80 80 47 94 94 94 43 96 96 47 47 47 47 47 47 31 96 105 105 96 96 47 47 80 80 47 47 47 47 47 45 47 47 47 40 47 40 47 43 45 40 40 40 40 40 40 47 47 96 96 47 40 40 40 40 40 40 40 40 40 40 40 40
22 22 7 7 51 49 17 32 87 79 8 51 67 7 51 17 18 16 16 16 45 45 45 45 16 16 18 18 18 45 45 80 80 80 94 94 94 94 94 43 96 96 96 96 96 96 96 96 96 96 96 105 96 96 96 80 96 96 47 47 47 96 96 31 98 98 96 47 47 40 40 40 47 40 96 31 40 40 40 40 45 96 96 47 47 40 40 40 40 40 47 47 47 45 40 40
22 22 7 7 51 73 38 36 36 36 8 7 51 81 7 53 17 17 45 0 45 45 45 45 0 0 18 18 18 16 45 46 47 96 94 94 43 43 0 0 0 80 80 80 96 96 96 96 0 62 99 99 99 96 96 96 96 96 96 98 96 98 96 105 105 98 98 98 98 62 98 96 40 40 98 98 98 96 40 40 40 45 96 98 45 96 47 47 47 40 40 40 40 47 47 47
8 0 6 49 21 51 41 36 33 51 8 67 51 7 8 17 41 45 0 0 0 16 45 0 0 45 18 45 18 45 16 45 45 96 96 96 0 0 0 0 0 105 105 99 99 99 99 0 0 78 99 99 101 101 96 80 98 98 98 98 98 98 62 98 98 98 45 45 40 40 98 40 98 98 98 98 98 98 98 98 98 98 98 96 98 96 96 96 96 96 47 47 47 96 96 47
0 0 0 22 6 7 7 88 8 8 8 89 89 49 38 17 17 0 0 0 0 0 0 0 0 0 40 40 33 45 45 45 45 45 61 0 0 0 0 96 96 99 99 99 99 99 0 0 0 99 98 101 101 101 43 101 98 98 98 98 101 98 94 98 41 94 94 40 40 98 40 40 98 98 98 98 98 98 102 102 102 102 102 98 98 40 96 96 96 98 96 96 96 96 98 98
8 76 0 0 40 40 6 7 7 87 7 49 17 17 39 17 0 0 0 0 0 0 0 0 0 0 0 0 40 40 40 45 33 45 47 47 0 0 0 99 99 99 99 99 99 99 99 31 98 101 98 98 98 98 98 101 95 95 94 98 98 31 94 40 94 40 40 41 40 45 98 40 40 40 40 40 40 40 40 40 40 40 40 102 98 98 98 98 98 40 40 96 96 40 96 98
8 8 0 0 0 0 40 22 7 7 7 11 49 49 87 49 0 0 0 0 0 0 0 0 0 0 0 0 0 4 40 40 40 40 40 40 0 0 0 0 99 99 99 99 99 99 101 29 98 98 98 99 98 98 98 101 95 40 40 40 40 40 40 40 40 40 40 40 107 40 40 40 40 40 40 98 40 102 102 105 105 105 102 102 102 98 98 98 98 98 98 98 98 96 98 98
0 8 7 87 0 0 0 41 49 7 7 49 8 49 49 87 0 0 0 0 4 4 8 12 0 0 0 0 0 4 40 40 45 45 6 40 6 0 0 0 0 0 99 99 99 101 98 98 98 98 98 98 99 98 98 98 43 95 40 40 40 40 40 40 40 40 40 40 40 98 101 101 41 41 41 40 40 102 102 105 105 105 105 102 40 40 105 98 33 105 98 98 98 98 96 40
0 0 0 8 76 49 0 49 74 74 49 49 0 0 49 0 0 53 12 12 53 95 95 95 8 4 4 4 40 45 40 45 45 40 96 95 95 96 0 0 0 99 99 99 99 99 98 98 98 98 98 99 99 99 95 95 95 95 95 29 95 40 40 40 40 40 40 101 41 41 98 98 98 98 98 41 41 105 103 103 105 105 103 105 105 102 105 105 105 105 105 40 40 95 95 31
0 0 0 0 8 0 0 0 40 49 41 0 0 0 53 53 53 8 12 95 95 95 95 95 95 95 53 53 53 8 45 40 94 40 40 74 95 0 0 0 0 98 103 95 105 105 105 105 98 98 98 98 99 95 95 40 40 40 40 40 40 40 40 98 101 101 41 98 98 98 98 98 98 98 98 105 103 103 103 105 105 40 40 40 40 40 40 98 40 98 98 95 95 96 95 40
0 0 0 0 0 0 0 0 0 49 40 74 0 0 0 41 8 12 12 95 95 95 95 94 40 95 95 40 40 40 46 46 40 94 40 40 40 0 0 0 0 0 98 95 40 98 98 98 98 98 98 98 99 95 40 40 40 40 40 40 107 40 40 40 98 101 98 98 98 98 98 98 98 98 98 40 40 40 40 102 102 102 98 102 40 40 40 40 40 94 94 94 95 95 31 96
0 76 76 0 0 0 0 0 0 49 49 0 0 0 0 40 8 12 12 12 95 95 40 40 40 49 95 95 95 49 40 40 40 0 95 94 40 31 0 0 0 0 105 40 40 40 40 40 29 29 71 71 71 71 95 29 29 95 40 40 40 40 40 40 40 98 98 98 98 98 98 98 41 98 40 40 40 40 40 40 98 98 105 105 40 40 40 16 40 40 40 40 96 40 95 12
0 0 0 0 0 0 0 0 0 0 0 0 0 0 0 0 0 40 8 0 40 40 0 0 49 95 95 95 95 95 97 86 40 40 74 74 94 40 12 12 31 12 8 74 99 95 74 40 40 95 95 95 95 98 98 71 98 40 40 40 40 40 107 107 40 40 40 40 40 98 40 40 40 40 40 40 40 40 40 40 40 40 98 105 105 98 98 40 16 40 40 94 94 40 40 12
0 0 0 0 0 0 0 0 0 0 0 0 0 0 0 0 0 0 0 0 0 0 0 0 49 95 95 102 102 102 102 102 95 95 40 94 95 94 40 99 105 40 105 105 105 40 40 40 40 95 98 99 99 98 40 40 40 40 40 40 40 8 40 8 107 107 40 40 107 40 40 40 40 40 40 40 40 40 40 40 40 40 40 40 40 40 40 40 40 40 40 40 94 12 12 12
0 0 0 0 0 0 0 0 0 0 0 0 0 0 0 0 0 0 0 0 8 0 0 0 95 97 102 102 102 102 102 102 99 95 40 40 40 95 40 105 105 74 74 74 74 40 99 74 99 99 99 40 40 40 40 40 40 41 40 8 8 8 40 40 8 40 40 40 40 40 40 40 40 40 107 40 40 40 40 40 61 61 40 40 40 61 61 61 61 40 40 40 40 40 40 12
0 0 0 0 0 0 0 0 0 0 0 0 0 0 0 0 0 0 0 0 0 0 0 49 40 40 100 100 99 99 99 102 41 105 40 40 40 40 40 40 40 105 105 74 40 40 99 40 105 99 99 40 40 40 40 40 40 40 40 40 74 8 8 40 107 8 40 40 40 40 40 40 40 40 40 107 40 107 40 40 40 40 40 40 40 40 40 40 40 40 61 40 40 40 40 40
95 95 95 0 0 0 0 0 41 40 99 0 0 0 0 0 0 0 0 0 0 0 0 49 13 40 100 100 99 99 99 99 41 105 105 74 74 40 40 99 99 99 105 40 40 105 40 99 40 99 99 99 99 41 40 40 40 40 94 71 74 94 8 53 40 8 40 40 40 40 40 40 40 40 40 40 40 40 40 40 40 40 40 40 40 40 40 40 40 40 40 40 40 4 4 40
95 95 95 105 0 0 0 0 41 40 99 99 99 99 99 0 0 0 103 41 0 0 74 95 100 100 40 100 99 99 99 99 99 105 105 105 105 74 74 40 99 105 105 40 40 105 105 40 99 105 99 99 71 71 40 40 40 40 98 71 99 95 95 53 8 7 40 40 40 40 40 40 40 40 40 40 40 40 40 40 40 40 40 40 40 40 40 40 40 40 40 40 31 6 6 6
99 99 99 99 99 99 97 0 40 99 99 99 99 99 99 99 99 99 41 41 76 98 40 40 100 100 99 100 99 99 71 99 99 99 74 105 105 105 74 40 40 40 99 40 105 40 98 74 40 105 99 71 71 71 40 40 40 40 40 71 98 98 98 95 53 41 7 40 40 40 40 40 40 40 40 40 40 40 40 40 40 40 40 40 40 40 40 40 40 40 40 31 31 6 31 6
99 99 99 99 99 99 99 97 99 76 98 98 98 99 99 105 99 99 99 41 76 99 99 40 71 71 99 71 74 99 99 99 99 70 70 102 0 0 105 74 74 40 40 105 40 40 99 74 40 40 71 71 99 71 40 40 40 40 98 98 98 71 98 98 95 53 8 7 7 7 7 40 61 40 40 40 40 40 40 40 40 40 40 40 40 40 43 40 40 40 40 4 6 6 31 4
98 99 98 40 99 99 99 98 99 99 98 98 98 98 99 99 99 99 41 99 40 40 40 40 71 71 71 71 74 74 99 99 99 71 99 100 0 0 0 105 74 74 99 40 40 40 99 40 99 40 40 40 40 40 40 98 98 98 71 71 71 71 71 71 98 53 53 8 8 7 7 7 40 40 40 40 40 40 40 40 40 4 4 4 40 40 41 41 40 41 40 4 4 6 4 4
98 98 98 99 98 98 98 99 99 99 98 99 99 98 98 99 99 99 99 99 99 40 0 0 40 40 71 74 74 40 71 99 74 99 71 100 71 0 0 0 74 74 99 74 74 40 105 105 99 40 40 40 71 40 40 98 98 71 71 71 71 71 71 71 40 8 53 8 8 8 8 43 43 7 7 7 40 4 4 4 4 4 43 1 4 40 40 40 40 40 1 40 40 4 4 1
40 98 98 98 99 98 98 99 99 99 98 99 99 98 74 98 99 99 99 99 41 40 0 0 40 40 71 71 40 98 98 71 74 99 71 71 71 100 0 0 0 0 0 0 0 40 40 40 40 40 40 40 40 40 40 98 98 71 71 71 71 94 94 8 8 8 8 8 8 8 8 8 12 8 8 43 43 8 4 4 43 58 4 4 4 4 4 40 40 40 1 1 40 40 4 4
40 98 98 98 98 99 99 99 98 99 98 99 99 98 74 74 98 99 98 99 41 40 40 0 0 40 40 40 40 98 98 98 105 99 99 99 100 74 99 99 0 0 0 98 0 0 105 74 74 105 40 40 40 40 99 40 98 98 71 71 94 94 8 8 86 49 49 49 49 8 53 8 41 53 53 8 31 31 58 4 4 4 4 4 4 4 40 41 40 1 6 1 1 4 4 4
74 74 98 98 98 98 98 98 74 98 40 98 98 98 98 98 98 98 98 99 99 40 40 0 0 40 40 40 40 40 98 98 98 71 99 99 74 99 74 74 0 0 103 98 40 0 0 0 0 0 0 0 0 0 0 99 99 71 103 71 94 40 8 86 86 86 49 49 49 49 50 50 53 6 59 59 41 31 31 31 30 11 11 4 4 32 1 1 1 1 1 1 1 4 4 4
98 98 98 40 98 98 98 98 98 98 98 98 98 98 98 98 98 98 99 99 98 40 41 98 0 0 105 40 40 40 98 40 98 105 99 71 71 99 99 103 74 74 98 99 40 40 40 0 0 0 0 0 0 0 0 0 103 40 103 8 8 49 86 86 86 86 86 86 86 86 40 50 58 58 50 50 29 29 31 1 7 11 4 4 4 4 4 1 1 1 1 1 4 40 40 40
98 98 98 40 40 40 40 98 98 98 98 98 40 40 98 98 98 98 98 98 98 40 40 98 0 0 0 40 40 40 98 98 98 99 99 71 71 99 74 74 74 74 74 99 99 99 40 40 0 0 0 0 0 0 0 0 0 8 86 86 41 8 13 86 86 87 87 86 86 40 50 50 50 40 50 50 31 31 31 41 7 11 9 49 4 4 4 4 4 4 4 4 4 4 4 40
98 98 98 40 40 76 40 98 98 98 98 98 40 98 98 76 76 98 98 98 98 98 98 40 40 0 0 40 40 40 40 99 98 99 71 71 99 74 74 74 74 74 74 99 99 99 98 0 0 0 0 0 0 0 0 0 0 0 86 86 41 13 13 86 86 13 86 86 40 50 50 50 59 58 40 0 0 0 0 0 7 11 9 49 4 4 4 60 50 4 4 4 4 4 4 4
98 98 98 98 40 40 76 98 98 98 98 98 98 98 98 98 98 98 98 98 98 98 98 98 98 0 0 0 40 40 40 98 99 99 71 74 74 74 74 74 74 74 99 99 99 99 99 0 0 0 0 0 0 0 0 0 0 0 0 0 0 59 86 86 86 86 86 86 50 50 49 50 59 50 43 0 0 0 0 0 7 9 9 49 4 4 4 4 4 4 4 4 4 4 31 0
98 98 74 40 40 40 40 40 40 98 98 98 98 98 98 98 98 98 98 98 98 98 98 98 40 0 0 0 0 40 40 40 71 99 74 74 74 74 74 74 74 99 99 99 99 99 0 0 0 0 0 0 0 0 0 0 0 0 0 0 0 59 86 86 86 86 49 87 40 50 50 59 59 0 0 0 0 0 0 0 0 0 9 58 4 4 4 4 4 4 4 4 4 4 0 0
98 98 76 40 40 40 40 40 40 40 40 40 98 98 98 98 98 98 98 98 98 98 98 40 40 41 0 0 0 40 40 40 71 74 74 74 74 99 99 99 99 99 99 99 99 0 0 0 0 0 0 0 0 0 0 0 0 0 0 0 0 38 86 86 86 86 87 49 87 49 59 59 0 0 0 0 0 0 0 0 0 0 9 31 31 4 4 4 4 4 4 4 4 30 0 0
76 76 76 76 40 40 40 76 40 40 40 40 76 76 76 40 98 98 98 98 98 94 94 94 94 76 76 0 0 0 98 40 40 99 74 74 99 99 102 102 102 99 99 0 0 0 0 0 0 0 0 0 0 0 0 0 0 0 0 0 0 58 86 86 86 86 49 49 49 59 59 0 0 0 0 0 0 0 0 0 0 0 9 31 31 4 4 1 4 4 2 1 1 4 4 0
76 76 76 76 76 76 76 76 76 40 40 40 40 76 76 40 40 40 40 94 94 94 94 86 94 76 7 0 0 0 0 40 99 99 99 99 99 102 102 99 99 0 0 0 0 0 0 0 0 0 0 0 0 0 0 0 0 0 0 0 0 58 86 86 87 87 49 49 41 87 0 0 0 0 0 0 0 0 0 0 0 0 103 31 31 31 4 2 43 4 2 2 1 1 4 4
76 76 71 71 76 76 71 71 80 40 40 94 94 94 94 94 94 94 94 94 94 86 86 86 86 98 11 76 0 0 0 40 40 74 74 99 99 99 99 99 0 0 0 0 0 0 0 0 0 0 0 0 0 0 0 0 0 0 0 0 0 0 59 49 49 87 86 49 0 0 0 0 0 0 0 0 0 0 0 0 0 0 0 0 0 0 4 4 58 4 2 2 2 2 58 4
